[OBJECTS]
# type	x	y	ani_set_id	extra_settings per object type
# type: 0 = Mario , 1 = Brick, 2 = Goomba

#MERMAN
13	100	303	420	

#FIREBALL
18	-100	-100	888

#ITEM

# GOODS				idTypeItem 

# TORCH 			
12	160	303	5	1	21
12	450	303	5	1	0
12	675	303	5	1	0
12	960	303	5	1	1
12	1218	303	5	1	21


# BRICK 
# --- platform (hint: I created the list using Excel!) ----
1	0	368	2	0	0
1	32	368	2	0	0
1	64	368	2	0	0
1	96	368	2	0	0
1	128	368	2	0	0
1	160	368	2	0	0
1	192	368	2	0	0
1	224	368	2	0	0
1	256	368	2	0	0
1	288	368	2	0	0
1	320	368	2	0	0
1	352	368	2	0	0
1	384	368	2	0	0
1	416	368	2	0	0
1	448	368	2	0	0
1	480	368	2	0	0
1	512	368	2	0	0
1	544	368	2	0	0
1	576	368	2	0	0
1	608	368	2	0	0
1	640	368	2	0	0
1	672	368	2	0	0
1	704	368	2	0	0
1	736	368	2	0	0
1	768	368	2	0	0
1	800	368	2	0	0
1	832	368	2	0	0
1	864	368	2	0	0
1	896	368	2	0	0
1	928	368	2	0	0
1	960	368	2	0	0
1	992	368	2	0	0
1	1024	368	2	0	0
1	1056	368	2	0	0
1	1088	368	2	0	0
1	1120	368	2	0	0
1	1152	368	2	0	0
1	1184	368	2	0	0
1	1216	368	2	0	0
1	1248	368	2	0	0
1	1280	368	2	0	0
1	1312	368	2	0	0
1	1344	368	2	0	0
1	1376	368	2	0	0
1	1408	368	2	0	0
1	1440	368	2	0	0
1	1472	368	2	0	0
1	1504	368	2	0	0

#stop map
1	-32	0	2	0	0
1	-32	32	2	0	0
1	-32	64	2	0	0
1	-32	96	2	0	0
1	-32	128	2	0	0
1	-32	160	2	0	0
1	-32	192	2	0	0
1	-32	224	2	0	0
1	-32	256	2	0	0
1	-32	288	2	0	0
1	-32	320	2	0	0
1	-32	352	2	0	0
1	-32	384	2	0	0
1	-32	416	2	0	0
1	-32	448	2	0	0


#gate
4	1500	336	2
# Simon
0	20	100	1
# board
8	110	0	8
#healthbar
16	110	33	9
#timer
17	300	13	17
#score
19	110	13	17
#subwl
20	310	36	30

#whip
5	-100	-100	4
#Axe = 9, knife = 91, holywater = 92
9	0	0	20
91	0	0	6
92	0	0	22