[OBJECTS]
# type	x	y	ani_set_id	extra_settings per object type
# type: 0 = Simon , 1 = Ground 
# board
8	0	0	8
#healthbar
16	110	33	9
#timer
17	300	13	17
#score
19	110	13	17
#subwl
20	310	36	30

# Brick
1	0	208	24	0	0	0
1	32	208	24	0	0	0
1	64	208	24	0	0	0
1	96	208	24	0	0	0
1	128	208	24	0	0	0
1	160	208	24	0	0	0
1	192	208	24	0	0	0
1	256	272	24	0	0	0
1	288	272	24	0	0	0
1	320	272	24	0	0	0
1	352	272	24	0	0	0
1	384	272	24	0	0	0
1	416	272	24	0	0	0
1	448	272	24	0	0	0
1	480	272	24	0	0	0
1	512	272	24	0	0	0
1	544	272	24	0	0	0
1	576	272	24	0	0	0
1	0	400	24	0	0	0
1	32	400	24	0	0	0
1	64	400	24	0	0	0
1	96	400	24	0	0	0
1	128	400	24	0	0	0
1	160	400	24	0	0	0
1	192	400	24	0	0	0
1	224	400	24	0	0	0
1	256	400	24	0	0	0
1	288	400	24	0	0	0
1	320	400	24	0	0	0
1	352	400	24	0	0	0
1	384	400	24	0	0	0
1	416	400	24	0	0	0
1	448	400	24	0	0	0
1	480	400	24	0	0	0
1	512	400	24	0	0	0
1	544	400	24	0	0	0
1	576	400	24	0	0	0
1	608	400	24	0	0	0
1	640	400	24	0	0	0
1	672	400	24	0	0	0
1	704	400	24	0	0	0
1	736	400	24	0	0	0
1	768	400	24	0	0	0
1	800	400	24	0	0	0
1	832	400	24	0	0	0
1	864	400	24	0	0	0
1	896	400	24	0	0	0
1	928	400	24	0	0	0
1	960	400	24	0	0	0
1	992	400	24	0	0	0
1	1024	400	24	0	0	0
1	1056	400	24	0	0	0
1	1088	400	24	0	0	0
1	1120	400	24	0	0	0
1	1152	400	24	0	0	0
1	1184	400	24	0	0	0
1	1216	400	24	0	0	0
1	1248	400	24	0	0	0
1	1280	400	24	0	0	0
1	1312	400	24	0	0	0
1	1344	336	24	0	0	0
1	1344	400	24	0	0	0
1	1376	400	24	0	0	0
1	1408	400	24	0	0	0
1	1440	272	24	0	0	0
1	1440	400	24	0	0	0
1	1472	272	24	0	0	0
1	1472	400	24	0	0	0
1	1504	80	26	0	0	0
1	1504	112	26	0	0	0
1	1505	144	26	0	0	0
1	1504	272	24	0	0	0
1	1505	304	26	0	0	0
1	1504	336	26	0	0	0
1	1504	368	26	0	0	0
1	1504	400	24	0	0	0
1	1536	176	24	0	0	0
1	1536	208	24	0	0	0
1	1536	240	24	0	0	0
# Gate
#Zombie
10	400	206	410	10	700
10	100	334	410	10	700
10	250	334	410	10	700
10	450	334	410	10	700
10	1040	334	410	10	700
10	950	334	410	10	700

#Boss
15	1200	95	600

#CANDLE
12	700	280	5	2	1
12	830	340	5	2	1
12	950	340	5	2	1

12	1080	300	5	2	1
12	1210	340	5	2	1
12	1330	272	5	2	1
12	1467	272	5	2	1

# Simon
0	1200	300	1
#whip
5	-100	-100	4
#Axe
91	0	0	6
92	0	0	22
9	0	0	20
